40 100
! 12 29 49
! 25 11 39
! 40 16 33
! 31 12 201
! 22 18 71
! 13 28 196
! 6 28 86
! 13 37 129
! 4 40 4
! 1 28 132
! 15 22 251
! 15 29 359
! 6 35 135
! 28 18 108
! 31 9 167
! 34 9 9
! 16 33 185
! 36 7 75
! 21 14 255
! 28 12 96
! 15 37 147
! 17 36 59
! 19 39 167
! 34 18 55
! 33 18 38
! 40 18 256
! 35 11 77
! 2 22 272
! 17 28 161
! 33 12 26
! 3 30 1
! 5 26 36
! 7 33 97
! 17 40 13
! 40 14 270
! 30 15 17
! 32 8 242
! 32 1 78
! 5 24 105
! 38 6 61
! 27 14 372
! 19 37 177
! 27 13 54
! 19 21 111
! 32 16 95
! 7 22 64
! 21 20 181
! 37 8 99
! 7 24 169
! 36 9 164
? 8 38
! 14 24 20
! 35 14 73
? 17 32
! 35 18 59
! 36 10 75
! 15 34 267
! 16 22 152
? 9 37
! 1 36 30
! 25 12 9
! 23 5 46
! 17 29 306
? 10 25
! 4 25 239
! 12 24 46
! 20 25 39
! 1 22 169
! 35 9 13
? 2 29
! 32 11 336
! 15 31 109
! 22 14 85
! 36 14 224
? 7 25
! 19 26 317
! 39 18 185
! 39 12 173
! 3 22 269
? 14 39
! 19 22 281
! 13 21 63
? 19 30
! 1 29 277
! 17 37 94
! 37 5 104
! 39 9 139
! 13 40 48
! 14 29 23
? 3 37
! 10 33 97
! 2 40 87
! 27 7 223
! 23 18 117
! 28 9 62
? 2 31
! 13 36 94
! 7 34 80
! 8 35 17
! 9 26 11
0 0